2	0.008	0	0.278	0.068	0.066	0.412	0.044	0	0.032	0.106	0	0.246	0	0.304	0	0.066	0.264	0	0	0	0	0	0	0.11	0.216	0.084	0	0	0	0	0.1	0.078	0	0.004	0	0	0.156	0.162	0	0.298	0	0.1	0	0	0	0.018	0	0	0.05	0	0	0	0	0.208	0.126	0.108	0.088	0.088	0.048	0	0.028	0	0.164	0.006	0.126	0.08	0	0	0	0	0	0	0	0	0	0	0	0	0	0	0	0	0	0	0	0	0	0	0	0	0	0	0	0	0	0	0	0	0	0	0	0	0	0	0	0	0.04	0.05	0	0	0	0.132	0.116	0	0	0	0	0.056	0.038	0	0	0	0	0	0	0	0.09	0	0	0	0.154	0.144	0.03	0.096	0.036	0	0	0	0.058	0.04	0.184	0.064	0.116	0.07	0.042	0	0	0	0	0	0	0.048	0	0.09	0.362	0	0.13	0	0	0.096	0.02	0	0	0	0.18	0	0.044	0	0.148	0	0.02	0.174	0.164	0.106	0	0	0	0.052	0	0	0	0	0.268	0.036	0	0.036	0	0	0	0	0	0	0	0.026	0.038	0	0	0	0	0.002	0.028	0.014	0	0	0	0	0	0	0	0	0	0	0	0	0.006	0.026	0.044	0	0	0.034	0.08	0	0	0.154	0.246	0	0.028	0.024	0.07	0	0.116	0.236	0	0.484	0	0	0	0	0.086	0.11	0	0	0	0.106	0.062	0	0	0	0	0	0	0	0	0	0	0.056	0	0	0.002	0.03	0.048	0	0.004	0	0.052	0.138	0.004	0.296	0	0.012
0.008	2	0.14	0	0.004	0	0	0	0	0	0	0	0	0	0	0	0	0	0.238	0	0	0	0	0	0	0	0	0	0	0	0	0	0	0	0	0	0	0	0	0	0	0	0.04	0	0	0	0	0	0	0	0	0	0	0.014	0	0	0	0	0	0	0	0.042	0.12	0	0	0	0	0	0	0.202	0.58	0.21	0.268	0.258	0.254	0.198	0.176	0.18	0.162	0.108	0.212	0.494	0.296	0.3	0.356	0.256	0.248	0.158	0.194	0.272	0.222	0.098	0.07	0.194	0.222	0.216	0.134	0.24	0.11	0.236	0.312	0.168	0.402	0.264	0.172	0.768	0.078	0.022	0	0	0	0.034	0	0	0	0	0	0.146	0	0	0.066	0	0	0	0	0	0	0	0.01	0	0.134	0	0	0	0	0	0	0	0	0	0	0	0	0	0.034	0	0.196	0.096	0.084	0.012	0.138	0.09	0	0.052	0.05	0	0.068	0	0.028	0.156	0	0	0.164	0	0	0	0	0	0	0	0.106	0.06	0	0	0	0	0	0.024	0.036	0	0	0	0	0	0	0.058	0	0	0.12	0.114	0	0.144	0.202	0.156	0	0	0	0.078	0.082	0	0	0	0.054	0.152	0.158	0.142	0	0	0.13	0.122	0.186	0.12	0.144	0.182	0.184	0.082	0	0	0.12	0	0	0	0	0.038	0	0	0	0	0	0	0	0	0	0	0	0	0	0.022	0.092	0	0	0	0	0.01	0	0.022	0.126	0.27	0.4	0.104	0.038	0.25	0.124	0.244	0.198	0.068	0	0	0	0	0	0	0	0	0	0	0.14	0	0	0	0
0	0.14	2	0	0	0	0	0	0	0	0	0	0	0	0	0.076	0	0	0.39	0	0	0	0	0	0	0	0	0	0	0	0	0	0	0	0	0	0	0	0	0	0	0	0	0	0	0	0	0	0	0	0	0	0	0	0	0	0	0	0	0	0	0	0	0	0	0	0	0	0	0.208	0.208	0.234	0.416	0.334	0.254	0.314	0.32	0.342	1.08	0.364	0.29	0.324	0.34	0.384	0.32	0.284	0.428	0.25	0.252	0.284	0.226	0.216	0.218	0.3	0.264	0.3	0.302	0.254	0.366	0.278	0.286	0.372	0.238	0.474	0.146	0.174	0.192	0	0	0	0	0	0	0	0	0	0	0.11	0.032	0	0	0.004	0	0	0	0	0	0	0.17	0	0.03	0	0	0	0	0	0	0	0	0	0	0	0	0	0	0	0.558	1.176	1.134	0.508	0.646	0.444	0	0	0	0	0.022	0	0.068	0.026	0	0	0.1	0	0	0	0	0	0	0	0.01	0.006	0	0	0	0	0	0	0	0	0	0	0	0	0	0	0	0	0.292	0.266	0	0.346	0.29	0.338	0	0	0	0	0	0	0	0	0	0.322	0.36	0.354	0	0	0.302	0.288	0.382	0.314	0.33	0.262	0.262	0.014	0	0	0.142	0	0	0	0	0	0	0	0	0	0	0	0	0	0	0	0	0	0	0.01	0.078	0	0	0	0	0	0	0	0.07	0.318	0.264	0.264	0.14	0.38	0.136	0.222	0.304	0.012	0	0	0	0	0	0	0	0	0	0	0	0	0	0	0
0.278	0	0	2	0.08	0	0.298	0.054	0	0.27	0.22	0	0.07	0	0.91	0	0	0.032	0	0	0.008	0	0	0	0.08	0.486	0.018	0	0	0	0	0.152	0.046	0	0.122	0.05	0	0.182	0.152	0.146	0.248	0.138	0.004	0	0	0	0.058	0.122	0	0.226	0	0	0.078	0	0.29	0.154	0.048	0.016	0.056	0	0.046	0	0	0.034	0	0.088	0.022	0	0	0	0	0	0	0	0	0	0	0	0	0	0	0	0	0	0	0	0	0	0	0	0	0	0	0	0	0	0	0	0	0	0	0	0	0	0	0	0.088	0	0.134	0	0.116	0	0.01	0.016	0	0	0	0	0.192	0.042	0	0	0.08	0	0.026	0	0	0	0	0	0	0.004	0.164	0.042	0	0.014	0	0	0	0	0.03	0.238	0.054	0.04	0	0	0	0	0	0	0	0	0.016	0	0.172	0.144	0	0	0	0	0.074	0	0	0	0.046	0.848	0.086	0.1	0	0.012	0	0.11	0.144	0.096	0	0.078	0	0	0.024	0	0	0	0	0.966	0	0	0	0	0	0	0	0	0	0	0	0.022	0	0	0	0	0	0	0	0	0	0	0	0	0	0	0	0	0	0	0	0	0	0	0	0	0.038	0.098	0	0.022	0.144	0.8	0.002	0.054	0.024	0.066	0.178	0.73	0.062	0	0.404	0.006	0	0.008	0	0	0.108	0.066	0.098	0.062	0.022	0	0	0	0	0	0	0	0	0	0	0	0.042	0	0	0.068	0	0	0.084	0.002	0.14	0	0.052	0.068	0.034	0.026	0
0.068	0.004	0	0.08	2	0.048	0.024	0.012	0.114	0.182	0.246	0.186	0.132	0	0.05	0	0.036	0.078	0	0.062	0	0	0	0	0	0	0.068	0	0	0.14	0.022	0	0.142	0	0.128	0	0	0.072	0.044	0.044	0	0.116	0.086	0	0	0	0	0.044	0.068	0	0	0.114	0.11	0.124	0.04	0.056	0.062	0.022	0	0.094	0.152	0	0.02	0.108	0	0.046	0	0.166	0.174	0	0	0	0	0	0	0	0	0	0	0	0	0	0	0	0	0	0	0	0	0	0	0	0	0	0	0	0	0	0	0	0	0	0	0	0	0	0	0.078	0.078	0.122	0.11	0.01	0.068	0.076	0	0.532	0.086	0.076	0	0.098	0	0	0	0	0.092	0	0.056	0.134	0	0.306	0.126	0.086	0.206	0.09	0.014	0.094	0.222	0.284	0.296	0.166	0.108	0.03	0.136	0.028	0.078	0	0	0	0	0	0	0	0.006	0	0.07	0.13	0.026	0.128	0	0	0.134	0	0	0	0.116	0.068	0	0.078	0.054	0.164	0.022	0.082	0.008	0.1	0	0.074	0.064	0.06	0	0.214	0	0	0.122	0	0.11	0	0.036	0	0	0	0	0	0	0	0	0	0	0.002	0	0	0	0	0	0	0	0	0.06	0.11	0	0	0	0	0	0	0	0	0.002	0	0.026	0	0.212	0.01	0.03	0	0.052	0.284	0.112	0.038	0.134	0	0.084	0.126	0.266	0	0.106	0.21	0.01	0	0.092	0	0.066	0.128	0.208	0.02	0.012	0	0	0	0	0	0	0	0	0	0	0.042	0	0.12	0	0	0.012	0	0	0.066	0.168	0	0.052	0	0.022	0	0.14
0.066	0	0	0	0.048	2	0.218	0	0.076	0	0	0.016	0.032	0	0.064	0	0	0.506	0	2	0	0	0	0.018	0	0.372	0.138	0	0	0.142	0	0	0.04	0	0	0	0	0	0	0.084	0.08	0.048	0	0	0	0	0.264	0.11	0.164	0.698	0	0.062	0	0	0.01	0	0.024	0	0	0	0.096	0	0	0.002	0.1	0.006	0.04	0.012	0.018	0	0	0	0	0	0	0	0	0	0	0	0	0	0	0	0	0	0	0	0	0	0	0	0	0	0	0	0	0	0	0	0	0	0	0	0	0	0	0.078	0.076	0.11	0.066	0	0.164	0.124	0	0	0.012	0	0	0.052	0	0	0	0	0.12	0	1.61	0.998	0	0	0	0	0	0	0	0.036	0.008	0	0	0.154	0.058	0	0	0	0	0	0	0	0	0	0	0	0	0	0	0.104	0	0.398	0	0	0.138	0	0	0	0	0	0	0	0.008	0.012	0	0.012	0.288	0	0	0	0.076	0	0	0	0	0.018	0.076	0	0	0	0	0	0	0	0	0	0	0	0	0	0	0	0	0	0	0	0.004	0	0	0	0.016	0.058	0	0	0	0	0	0	0	0	0	0	0	0	0.13	1.512	2	0	0	0	0.142	2	0	0	0.776	0.128	0.584	0	0.424	0.016	0	0	0	0.142	0	0	0	0	0	0	0	0	0	0	0	0	0	0	0	0	0	0.022	0	0	2	0	0	0.516	0.392	0.716	0	0.714	0.126	0	0
0.412	0	0	0.298	0.024	0.218	2	0	0	0.244	0.128	0	0	0.006	0.806	0.002	0.032	0.258	0	0.132	0.048	0.006	0.044	0	0.02	0.796	0	0	0	0	0.02	0	0	0	0	0	0.026	0.296	0.096	0.066	1.442	0.234	0.066	0.076	0.012	0	0.552	0	0.02	0.244	0.132	0	0	0.004	0.148	0.22	0.022	0	0.004	0	0.018	0	0	0.018	0.234	0.004	0	0	0	0	0	0	0	0	0	0	0	0	0	0	0	0	0	0	0	0	0	0	0	0	0	0	0	0	0	0	0	0	0	0	0	0	0	0	0	0	0	0.046	0	0.026	0	0.122	0	0	0	0	0	0	0	0	0	0.018	0	0	0	0.05	0.118	0.156	0.02	0	0	0	0	0	0	0.024	0	0	0	0	0.054	0.028	0.086	0.196	0	0	0	0	0	0	0	0	0	0	0	0	0	0.294	0	0	0.04	0	0	0	0	0.264	0	0	0	0	0	0.024	0.274	0.036	0.012	0.102	0.03	0	0	0	0.04	0	0	0.166	0	0	0	0	0	0	0	0	0	0	0.02	0	0	0	0	0	0	0.014	0.028	0	0	0	0	0	0	0	0	0	0	0	0	0	0	0	0	0	0.026	0.176	0.128	0.004	0.166	0.14	0	0.064	0	0	0.096	0.01	0.966	0	0.548	0	0.01	0	0	0.008	0	0	0	0.032	0.034	0	0	0	0	0	0	0	0	0	0	0	0	0	0	0.082	0.214	0	0	0.02	0.164	0.024	0.042	0.286	1.562	0.09	0
0.044	0	0	0.054	0.012	0	0	2	0.004	0.02	0.034	0	0.05	0	0.114	0.038	0.552	0.146	0	0	0	0	0	0	0.594	0.004	0.136	0	0	0.168	0	0.458	0.274	0.05	0.11	0	0	0.1	0.342	0.108	0.124	0.674	0.05	0	0	0	0.14	0.016	0	0.046	0	0	0	0	0.11	0.734	1.578	0	0.186	0.056	0	0	0	0.038	0	1.608	0	0	0	0	0	0	0	0	0	0	0	0	0	0	0	0	0	0	0	0	0	0	0	0	0	0	0	0	0	0	0	0	0	0	0	0	0	0	0	0	0	0	0.13	0	0	0.01	0.324	0.308	0	0	0	0	0	0	0	0	0	1.136	0	0	0	0	0	0	0	0	0.126	0	0	0	0	0	0	0	0	0.328	0.038	0	0	0	0	0	0	0.2	0	0	0	0.248	0	0	0.018	0	0	0	0	0.642	0.026	1.05	0.018	0.264	0.168	0.174	0	0	0	0	0	0	0	0.154	0	0	0.408	0.026	0	0.058	0	0.144	0	0	0	0	0	0	0	0	0	0	0	0	0.142	0	0	0.076	0	0	0	0	0	0	0	0	0	0	0	0	0	0	0	0	0	0	0	0	0	0	0.224	0.16	0	0.062	0	0	0.444	0.316	0.534	0.092	0	0	0.186	0	0	0	0	0.042	0.49	0	0	0	0.136	0	0	0	0	0	0	0	0.052	0	0	0.118	0	0.26	0.386	0.162	0	0	0	0	0.018	0.16	0	0	0	1.566	0
0	0	0	0	0.114	0.076	0	0.004	2	0.054	0	0.09	0.072	0	0	0	0	0.008	0	0.108	0	0	0	0.088	0.022	0	0.052	0	0	0.04	0	0	0.08	0	0	0	0	0	0.024	0.02	0	0.114	0.082	0	0	0	0	0.038	0.052	0.084	0	0	0.018	0.086	0.014	0	0.022	0	0	0.064	0.066	0	0.094	1.672	0.006	0.038	0	0.14	0.144	0	0	0	0	0	0	0	0	0	0	0	0	0	0	0	0	0	0	0	0	0	0	0	0	0	0	0	0	0	0	0	0	0	0	0	0	0.006	0	0.112	0.004	0.02	0.1	0	0	0.012	0	0.082	0.144	0	0.02	0.062	0.044	0	0.71	0.032	0.104	0	0.082	0.16	0	0.06	0.136	0	0.074	0	0.014	0.054	0.188	0.068	0.068	0.112	0	0	0.148	0.104	0.13	0.018	0	0	0	0.018	0	0	0.182	0.054	0.024	0.11	0.004	0.054	0.052	0.022	0.098	0	0	0.056	0.12	0	0	0.04	0.104	0.082	0	0	0.002	0	0	0	0.144	0.118	0	0	0	0	0	0	0	0	0	0	0	0	0	0	0	0	0	0	0	0.012	0	0	0	0	0.084	0	0	0	0.004	0	0	0	0	0	0	0	0	0	0	0	0	0	0.13	0.066	0.102	0	0	0	0.134	0.118	0.048	0	0.068	0.084	0.1	0	0	0.032	0.056	0	0.118	0	0.02	0.006	0	0	0.15	0.054	0.062	0	0	0	0	0	0	0	0	0.06	0.002	0.058	0.012	0.016	0.08	0	0	0.168	0	0	0	0	0	0.076	0
0.032	0	0	0.27	0.182	0	0.244	0.02	0.054	2	0.034	0.172	0	0	0.192	0	0.066	0.116	0	0	0	0	0	0.004	0.022	0.064	0.044	0	0	0.022	1.038	0.046	0.086	0.042	0.132	0.028	0	0.386	0.134	0.176	0.072	0.74	0	0	0	0	0.13	0.092	0.074	0.154	0.034	0.01	0	0	0.096	0.076	0.078	0.1	0.072	0	0.1	0	0	0	0	0.128	0	0	0	0	0	0	0	0	0	0	0	0	0	0	0	0	0	0	0	0	0	0	0	0	0	0	0	0	0	0	0	0	0	0	0	0	0	0	0	0	0	0	0	0.11	0.114	0	0.03	0.056	0	0	0.088	0	0	0.122	0	0	0	0	0.074	0	0	0.146	0	0.112	0.002	0.108	0.208	0	0	0.032	0.098	0.112	0.09	0.144	0.1	0.164	0.108	0.088	0	0	0	0	0	0	0	0	0	0	0	0	0	0.194	0	0	0.168	0	0	0	0	0.5	0.276	0.446	0.178	0	0	0.024	0.002	0.044	0	0.166	0	0.024	0	0.034	0	0.096	0	0.35	0.15	0	0.106	0.1	0	0	0	0	0	0	0.074	0	0.152	0	0	0.188	0	0	0	0	0	0	0.108	0	0	0	0	0	0	0	0	0	0.036	0	0	0	0.03	0.092	0.04	0.05	0.822	0.26	0.19	0	0.12	0.028	1.246	0.102	0.188	0	0.422	0.048	0	0	0	0.012	0.1	0.016	0.016	0	0	0	0	0	0	0	0	0	0	0	0	0	0	0.062	0	0.036	0.032	0	0	0.03	1.02	0.024	0.032	0.01	0.266	0.092	0
0.106	0	0	0.22	0.246	0	0.128	0.034	0	0.034	2	0	0.028	0	0.14	0.172	0.134	0	0	0	0	0	0	0.014	0.28	0.146	0.116	0	0	0.014	0.016	0.048	0.046	0	0.188	0	0	0.122	0.206	0	0.192	0.192	0.128	0	0	0	0	0.04	0	0	0	0	0.01	0.05	0.096	0.134	0.048	0.008	0.056	0.236	0.04	0.068	0	0.024	0.064	0.064	0	0.176	0.178	0	0	0	0	0	0	0	0	0.03	0	0	0	0	0	0	0	0	0	0	0	0	0	0	0	0	0	0	0.02	0	0	0	0	0	0	0	0	0	0	0.046	0.176	0.186	0	0.08	0.11	0.08	0	0.106	0	0.05	0.118	0	0	0	0	0	0	0	0	0	0	0.046	0	0.03	0.126	0.03	0.046	0.064	0.128	0.01	0.026	0.064	0.042	0.116	0.016	0.006	0	0.088	0	0	0	0	0	0	0.06	0.026	0.116	0.048	0.022	0.068	0	0.04	0.106	0.052	0	0.004	0.164	0.048	0.046	0.152	0	0.046	0	0.07	0.184	0.266	0	0.038	0.01	0	0	0.116	0	0	0	0.066	0	0	0	0	0	0	0	0	0	0	0	0	0	0	0	0	0	0	0.026	0	0	0	0	0	0	0	0	0	0	0	0	0	0	0	0	0	0.148	0	0	0	0.214	0.268	0.036	0	0.046	0.026	0	0	0.068	0	0.058	0.072	0.022	0	0.012	0.008	0.04	0.002	0.088	0.008	0.068	0	0.104	0	0	0	0.05	0	0	0	0	0.046	0	0	0	0	0	0	0	0	0.006	0	0.088	0.108	0.114	0	0.088
0	0	0	0	0.186	0.016	0	0	0.09	0.172	0	2	0.032	0	0	0	0	0	0	0.048	0	0	0	0	0	0	0	0	0	0.02	0.034	0	0.032	0	0	0	0	0.032	0	0.032	0	0	0.006	0	0	0	0	0	0.032	0	0	0.042	0.014	0.066	0	0	0	0.028	0	0.038	0.092	0	0.02	0	0	0	0	0.1	0.106	0	0	0	0	0	0	0	0	0	0	0	0	0	0	0	0	0	0	0	0.026	0	0	0	0	0	0	0	0	0	0	0	0	0	0	0	0	0	0	0	0	0.034	0.15	0	0	0	0	0.098	0.212	0.066	0	0.244	0.008	0	0	0	0.168	0	0	0.032	0	1.664	0.082	0.21	0.08	0.4	0.19	0.22	0.688	1.944	1.822	0.478	0.416	0.022	0	0.02	0	0	0	0	0	0	0	0	0	0.006	0	0.202	0	0	0	0	0.24	0	0	0	0	0.026	0.01	0	0.046	0.098	0	0	0	0.052	0	0	0.164	0.068	0	0.124	0	0	0.094	0	0	0	0	0	0	0	0	0	0	0	0	0	0	0.054	0	0	0	0	0.028	0	0	0	0.008	0	0	0	0	0	0	0	0	0	0	0	0	0	0.148	0.152	0.016	0	0	0	0.514	0.068	0	0	0.032	0.076	0.136	0	0	2	0.064	0.028	0	0	0.008	0.9	0.95	0.024	0	0	0	0	0	0	0	0	0	0	0	0	0	0.01	0	0	0.022	0	0	0.096	0.072	0	0	0	0.096	0	0
0.246	0	0	0.07	0.132	0.032	0	0.05	0.072	0	0.028	0.032	2	0	0.088	0.106	0	0.06	0	0.04	0	0	0	0.032	0.082	0.048	0.108	0	0	0.076	0	0	0.14	0	0	0	0	0	0	0	0.03	0	0.048	0	0	0	0.132	0	0.138	0.018	0	0.096	0.176	0	0.13	0.038	0.084	0	0	0	0.194	0.024	0.094	0.008	0	0.056	0	0.146	0.148	0	0	0	0	0	0	0	0	0	0	0	0	0	0	0	0	0	0	0	0	0	0	0	0	0	0	0	0	0	0	0	0	0	0	0	0	0	0	0.13	0.11	0.232	0.082	0	0	0.01	0	0	0.068	0	0.07	0.13	0.062	0	0	0	0	0	0.028	0.086	0	0.098	0.122	0.07	0.032	0.074	0.108	0.08	0.18	0.058	0.08	0.224	0.058	0.016	0.14	0.052	0.13	0.048	0.006	0	0.022	0	0	0	0.022	0	0	0.108	0.036	0.06	0.068	0	0.28	0.104	0	0	0.052	0.076	0.018	0.102	0.032	0.106	0	0.074	0.004	0.066	0	0	0.14	0.088	0	0	0	0	0.112	0.11	0.026	0	0.148	0	0	0	0	0	0	0	0	0	0	0.03	0	0	0	0	0.002	0	0	0	0.046	0.09	0	0	0	0	0	0	0	0.018	0.042	0.058	0.046	0	0.082	0	0.028	0	0	0.014	0.192	0	0.014	0	0	0.114	0.054	0	0	0	0	0.01	0	0.01	0	0.074	0.038	0	0.026	0.02	0	0	0	0	0.022	0	0	0	0	0.074	0.106	0.074	0.048	0.108	0.024	0.042	0.02	0.094	0	0	0.106	0.002	0	0	0.046
0	0	0	0	0	0	0.006	0	0	0	0	0	0	2	0.012	0	0	0	0	0	1.434	1.43	1.404	1.064	0	0.032	0	0.294	0.43	0	0	0.416	0.018	0.342	0.154	0.57	1.884	0	0	0.042	0.324	0	0	1.616	2	0.52	0.03	0.016	0	0.136	0.328	0	0	0	0.058	0	0	0	0	0	0	0	0	0	0	0	1.08	0	0	0	0	0	0	0	0	0	0	0	0	0	0	0	0	0	0	0	0	0	0	0	0	0	0	0	0	0	0	0	0	0	0	0	0	0	0	0	0.084	0	0	0	0	0.11	0	0	1.306	0	0	0	0	0	0	0	1.082	0	0	1.772	0	0	0.452	0	0	0	0.076	0	0	0	0	0	0	0	0	0	0	0	0	0	0	0	0	0	0	0	0	0	0	0	0	0.122	0	0	0	0	0	0	0	0	0	0.036	0.02	0	0	0	0	0	0.596	0.178	0	0	0	0	0	0	0	0	0	0	0	0.164	0	0	0	0	0	0	0.12	0.394	0	0	0	0	0.57	0.34	0	0	0	0	0	0	0	0	0	0	0	0	0	0	0	0	0	0.214	0	0	0	0	0.088	0	0	0	0	0	0	0	0	0.418	0	0	0	0	0	0.184	0	0	0	0.062	0	0	0	0	0	0	0	0	0	0	0	0	0	0	0	0	0	0	0	0	0.052	0	0	0	0	0	0
0.304	0	0	0.91	0.05	0.064	0.806	0.114	0	0.192	0.14	0	0.088	0.012	2	0.006	0	0.184	0	0.08	0.036	0.014	0	0	0.11	0.88	0.118	0	0	0	0	0.036	0.044	0.008	0.194	0.062	0	0.186	0.148	0.16	0.556	0.1	0.026	0.034	0	0	0.4	0.072	0.034	0.344	0.092	0	0.002	0.002	0.45	0.38	0.024	0	0.046	0	0.24	0	0	0.04	0	0.002	0.026	0	0	0	0	0	0	0	0	0	0	0	0	0	0	0	0	0	0	0	0	0	0	0	0	0	0	0	0	0	0	0	0	0	0	0	0	0	0	0	0	0	0.138	0	0.024	0	0.016	0.066	0	0	0	0	0.1	0	0	0	0	0.04	0.1	0.024	0.034	0.054	0	0	0	0	0.062	0	0	0.062	0.042	0	0	0	0	0.012	0.04	0.054	0	0	0	0	0	0	0	0	0	0	0.016	0	0	0.022	0	0	0.05	0	0	0.02	0	0.442	0.012	0.012	0	0	0	0.074	0.06	0.06	0	0	0	0	0.012	0	0	0	0	0.29	0	0	0	0	0	0	0	0	0	0	0	0	0	0	0	0	0	0	0	0	0	0	0	0	0	0	0	0	0	0	0	0	0	0	0	0.036	0.054	0	0.09	0.046	0.118	0.418	0.044	0	0.002	0.032	0.134	0.036	0.2	0	0.618	0	0	0	0	0	0.194	0.002	0.024	0.172	0.11	0	0	0	0	0	0	0	0	0	0	0	0	0	0	0	0.114	0	0	0	0.074	0	0.04	0.222	0.356	0.142	0
0	0	0.076	0	0	0	0.002	0.038	0	0	0.172	0	0.106	0	0.006	2	0.022	0	0	0	0	0	0	0	0	0.016	0	0	0	0	0	0	0.008	0	0	0	0	0	0	0	0.032	0	0.048	0	0	0	0.094	0	0.056	0	0	0	0	0	0	0.028	0	0	0	0.028	0	0.03	0	0	0	0	0	0	0	0.04	0.036	0.044	0.018	0.032	0.09	0.024	0.048	0.04	0.07	0.132	0.042	0	0.058	0.016	0.062	0	0.034	0.048	0.044	0.03	0.018	0.048	0.062	0.01	0.018	0.056	0.034	0.002	0.066	0.026	0.052	0.018	0.03	0.02	0.036	0.056	0.02	0	0.142	0.088	0	0.106	0.084	0.098	0	0.136	0	0.16	0.098	0	0.052	0	0	0	0	0	0	0	0.028	0.014	0.24	0	0	0.056	0	0.006	0.09	0	0.002	0	0	0.114	0.096	0.014	0	0.046	0.036	0.054	0.05	0.004	0.092	0	0.108	0.028	0	0	0.088	0	0.114	0.144	0.004	0.004	0.036	0	0.042	0	0	0	0	0.052	0.036	0	0	0.01	0	0	0.046	0	0.024	0.04	0	0	0.044	0.058	0	0.018	0.05	0	0	0	0	0.002	0.002	0.02	0	0	0	0.054	0.024	0	0	0	0.004	0	0	0	0.026	0.062	0	0	0	0	0.036	0.07	0.09	0.038	0	0.054	0	0	0	0	0	0	0	0.004	0	0	0	0.024	0	0	0	0	0	0.024	0.01	0	0.082	0	0	0.09	0.066	0	0.042	0	0.042	0.028	0	0.054	0.08	0.102	0.02	0.022	0.018	0	0	0	0	0	0	0	0	0	0	0	0	0	0.038	0	0
0.066	0	0	0	0.036	0	0.032	0.552	0	0.066	0.134	0	0	0	0	0.022	2	0.12	0	0	0	0	0	0.026	0.5	0.058	0.098	0.012	0	0.014	0.02	0.048	0.078	0	0.122	0	0	0.092	0.142	0.016	0.048	0.378	0.076	0	0	0	0.018	0.016	0	0	0	0	0	0.114	0.106	0.422	0.018	0.02	0.042	0.036	0	0	0	0	0	0.014	0	0.006	0.004	0	0	0	0	0	0	0	0	0	0	0	0	0	0	0	0	0	0	0	0	0	0	0	0	0	0	0	0	0	0	0	0	0	0	0	0	0	0	0.064	0.138	0.356	0	0.056	0.144	0.118	0	0	0	0	0.028	0	0	0	0	0.534	0.008	0	0	0.02	0	0	0	0.014	0.026	0	0	0	0.074	0	0	0	0.02	0.134	0	0.044	0	0	0	0	0	0	0	0	0	0	0	0	0.048	0	0	0	0.018	0.086	0.024	0.64	0	0.13	0.022	0	0	0	0	0.044	0.042	0.126	0	0.014	0	0	0.062	0.026	0	0	0	0.094	0	0	0	0	0	0	0	0	0	0	0.002	0	0	0	0	0	0	0.046	0.064	0	0	0	0	0	0	0	0	0	0	0	0	0	0	0	0	0	0.064	0	0	0.042	0	0.188	0	0	0.336	0.144	0.174	0	0	0	0.12	0	0.006	0	0.004	0	0.198	0	0	0	0.05	0	0	0	0	0	0	0	0	0	0	0.134	0	0.036	0.11	0.088	0	0	0	0	0.002	0	0.148	0	0.284	0.804	0
0.264	0	0	0.032	0.078	0.506	0.258	0.146	0.008	0.116	0	0	0.06	0	0.184	0	0.12	2	0	0.488	0	0	0	0	0.066	0.184	0.142	0	0	0.08	0	0.082	0	0	0.068	0	0	1.118	0.186	0	0.222	0.044	0.126	0	0	0	0.026	0	0.034	0.246	0.05	0	0	0.152	0.044	0.144	0.16	0	0.046	0	0	0.004	0	0.18	0.02	0.148	0.026	0.036	0.038	0	0	0	0	0	0	0	0	0	0	0	0	0	0	0	0	0	0	0	0	0	0	0	0	0	0	0	0	0	0	0	0	0	0	0	0	0	0	0.058	0.158	0.01	0.102	0	0.088	0.086	0	0.03	0.016	0	0.006	0.036	0.086	0	0	0.06	0	0	0.188	0.25	0	0	0	0.118	0	0.002	0.144	0.094	0.022	0	0	0.088	0.19	0.04	0.074	0.002	0.094	0.058	0	0	0	0	0	0	0	0	0	0	0	0	0	0	0.072	0	0.01	0.044	0	0.038	0.038	0	0.024	0.052	0.002	0.038	0.136	0.058	0	0.04	0	0.01	0	0.044	0	0	0	0.104	0	0	0	0	0	0	0	0	0	0	0	0	0	0	0	0	0	0	0.076	0	0	0	0.01	0	0	0	0	0	0	0	0	0	0	0	0	0	0.006	0	0.518	0.008	0.024	0.13	0.078	0.442	0.024	0.03	0.012	0.074	0	0	0.36	0	0	0	0	0.19	0.042	0.008	0	0	0.076	0.09	0	0	0	0	0	0	0	0	0	0	0.094	0	0.088	0.044	0.138	0.07	0	0.01	0	0.026	0.098	0.288	0.24	0.108	0.004
0	0.238	0.39	0	0	0	0	0	0	0	0	0	0	0	0	0	0	0	2	0	0	0	0	0	0	0	0	0	0	0	0	0	0	0	0	0	0	0	0	0	0	0	0	0	0	0	0	0	0	0	0	0	0	0	0	0	0	0	0	0	0	0.024	0	0	0.01	0	0	0	0	0.336	0.164	0.314	0.368	0.348	0.398	0.332	0.446	0.41	0.322	0.36	0.338	0.316	0.302	0.288	0.274	0.298	0.33	0.35	0.256	0.288	0.364	0.268	0.286	0.316	0.342	0.352	0.338	0.216	0.374	0.336	0.26	0.432	0.304	0.376	0.21	0.128	0.234	0	0	0	0	0.016	0	0	0	0	0	0.15	0	0	0.016	0.056	0	0	0	0	0	0	0.214	0	0.072	0	0	0	0	0	0	0	0	0	0	0	0	0	0	0	0.302	0.33	0.362	0.096	0.408	0.318	0.018	0.044	0	0	0.07	0	0.068	0.148	0	0	0.14	0	0	0	0	0	0	0	0.124	0	0	0	0	0	0	0	0.034	0	0.008	0	0	0	0	0.088	0	0	0.26	0.252	0	0.534	0.442	0.41	0	0	0	0.082	0.104	0	0	0	0	0.268	0.442	0.552	0	0	0.274	0.278	0.436	0.284	0.564	0.338	0.542	0.058	0.018	0	0.28	0	0	0	0	0.052	0	0	0	0	0	0	0	0	0	0	0	0	0	0.066	0.082	0	0	0	0	0	0	0	0.144	0.342	0.432	0.252	0.258	0.376	0.196	0.412	0.39	0.078	0	0	0	0	0	0	0	0	0	0	0	0	0	0	0
0	0	0	0	0.062	2	0.132	0	0.108	0	0	0.048	0.04	0	0.08	0	0	0.488	0	2	0	0	0	0.01	0	0.324	0.168	0	0	0.142	0	0	0.064	0	0	0	0	0	0	0.118	0.018	0.066	0.002	0	0	0	0.138	0.146	0.178	0.618	0	0.08	0	0.024	0.02	0	0.004	0	0	0.004	0.106	0	0.026	0.008	0.064	0	0.026	0.04	0.044	0	0	0	0	0	0	0	0	0	0	0	0	0	0	0	0	0	0	0	0	0	0	0	0	0	0	0	0	0	0	0	0	0	0	0	0	0	0	0.082	0.098	0.122	0.076	0	0.142	0.114	0	0	0.004	0	0	0.052	0	0	0	0	0.162	0	1.376	0.906	0	0.004	0	0	0	0	0	0.026	0.006	0.014	0.022	0.162	0.078	0	0	0	0.018	0.028	0	0	0	0	0	0	0	0	0	0.126	0	0.334	0	0	0.164	0	0	0	0	0	0	0	0.004	0.04	0	0.034	0.202	0	0	0	0.098	0	0	0	0	0.064	0.068	0	0	0	0	0	0	0	0	0	0	0	0	0	0	0	0	0	0	0	0.046	0	0	0	0.024	0.05	0	0	0	0	0	0	0	0	0	0	0	0	0.142	1.348	2	0	0	0	0.188	2	0	0	0.802	0.126	0.578	0	0.338	0.046	0	0	0	0.156	0	0	0.004	0	0	0	0	0	0	0	0	0	0	0	0	0	0	0.028	0	0	2	0	0	0.502	0.396	0.654	0.01	0.598	0.156	0	0
0	0	0	0.008	0	0	0.048	0	0	0	0	0	0	1.434	0.036	0	0	0	0	0	2	2	2	1.298	0	0	0	0.51	0.694	0	0	0.692	0.138	0.318	0.212	0.684	2	0.082	0	0.212	0.302	0	0	1.818	2	0.738	0	0.058	0	0.532	1.03	0	0	0.04	0.014	0	0	0.34	0	0	0.142	0	0	0.092	0	0	1.832	0	0	0	0	0	0	0	0	0	0	0	0	0	0	0	0	0	0	0	0	0	0	0	0	0	0	0	0	0	0	0	0	0	0	0	0	0	0	0	0	0.008	0.034	0	0	0	0	0	1.206	0	0	0	0	0	0.006	0	2	0.048	0.234	2	0	0	0.548	0	0	0	0.156	0	0	0.094	0	0	0	0.102	0.042	0.234	0	0.042	0	0	0	0	0	0	0	0	0.084	0	0	0.008	0	0	0	0	0	0	0	0	0	0.044	0.11	0.052	0.074	0.026	0	0	0	0.014	1.178	0.48	0	0	0	0	0	0	0	0	0	0	0	0.162	0	0	0	0	0	0	0.452	0.484	0.204	0	0	0	0.794	0.342	0	0	0	0	0	0	0	0	0	0	0	0	0	0	0	0	0	0.476	0	0	0	0	0.274	0	0.024	0	0	0	0	0	0	0.542	0	0	0	0.022	0	0.182	0	0	0	0.288	0	0	0	0	0	0	0	0	0	0	0	0	0	0	0	0	0	0	0	0	0.194	0	0	0	0.066	0	0
0	0	0	0	0	0	0.006	0	0	0	0	0	0	1.43	0.014	0	0	0	0	0	2	2	2	1.398	0	0	0	0.47	0.684	0	0	0.408	0.076	0.34	0.16	0.65	2	0.04	0	0.184	0.338	0	0	1.966	2	0.742	0.178	0.06	0	0.352	0.778	0	0	0	0	0.016	0	0.03	0	0	0.114	0	0	0	0	0	1.33	0	0	0	0	0	0	0	0	0	0	0	0	0	0	0	0	0	0	0	0	0	0	0	0	0	0	0	0	0	0	0	0	0	0	0	0	0	0	0	0	0	0.002	0	0	0	0	0	1.184	0	0	0	0	0	0	0	1.646	0.086	0.248	2	0	0	0.426	0	0	0	0.226	0	0	0.088	0	0	0	0.124	0.052	0.01	0	0	0	0	0	0	0	0	0	0	0.03	0	0	0.048	0	0	0	0	0	0	0	0.016	0	0.054	0.086	0	0.07	0.034	0	0	0	0.018	1.15	0.422	0.062	0	0	0	0	0	0	0	0	0	0	0.148	0	0	0	0	0	0	0.08	0.456	0.146	0	0	0	0.75	0.338	0	0	0	0	0	0	0	0	0	0	0	0	0	0	0	0	0	0.18	0	0	0	0	0.116	0	0.072	0	0	0	0	0.002	0	0.59	0	0	0	0	0	0.1	0	0	0	0.126	0	0	0	0	0	0	0	0	0	0	0	0	0	0	0	0	0	0	0	0	0.132	0	0	0	0.01	0.032	0
0	0	0	0	0	0	0.044	0	0	0	0	0	0	1.404	0	0	0	0	0	0	2	2	2	1.668	0	0	0	0.722	0.952	0	0	0.676	0.114	0.434	0.144	0.656	2	0	0	0.106	0.354	0	0	1.692	2	1.028	0.176	0.024	0	0.486	0.926	0	0	0	0	0	0	0.258	0	0	0.094	0	0	0.104	0	0	1.684	0	0	0	0	0	0	0	0	0	0	0	0	0	0	0	0	0	0	0	0	0	0	0	0	0	0	0	0	0	0	0	0	0	0	0	0	0	0	0	0	0	0	0	0	0	0	0	1.438	0	0	0	0	0	0	0	1.572	0.038	0.17	2	0	0	0.348	0	0	0	0.212	0	0	0.162	0	0	0	0.052	0.002	0.274	0	0.038	0	0.004	0	0	0	0	0	0	0.036	0	0	0.012	0	0.02	0	0	0	0	0	0	0	0	0.02	0	0.052	0.012	0	0	0	0	1.462	0.41	0.086	0	0	0	0	0	0	0	0	0	0	0.124	0	0	0	0	0	0	0.21	0.686	0.058	0	0	0	0.986	0.688	0	0	0	0	0	0	0	0	0	0	0	0	0	0	0	0	0	0.354	0	0	0	0	0.326	0	0	0	0	0.028	0	0	0	0.978	0.002	0	0	0	0	0.124	0.048	0	0	0.076	0.016	0	0	0	0	0	0	0	0	0	0	0	0	0	0	0	0	0	0	0	0.196	0	0	0	0.028	0	0
0	0	0	0	0	0.018	0	0	0.088	0.004	0.014	0	0.032	1.064	0	0	0.026	0	0	0.01	1.298	1.398	1.668	2	0.024	0.006	0.156	0.362	0.348	0	0	0.356	0.104	0.33	0.104	0.244	1.626	0	0.018	0.056	0.356	0	0.042	1.392	1.382	0.352	0.082	0.024	0	0.32	0.394	0	0	0.116	0	0	0	0	0	0.008	0.078	0	0	0	0	0	1.114	0.206	0.21	0	0	0	0	0	0	0	0	0	0	0	0	0	0	0	0	0	0	0	0	0	0	0	0	0	0	0	0	0	0	0	0	0	0	0	0	0	0	0.124	0	0.086	0.054	0	0	0	0.722	0	0	0	0	0	0.014	0	1.032	0.006	0.088	1.39	0	0	0.246	0	0	0	0.002	0	0	0.014	0	0	0	0.05	0	0	0	0	0	0.03	0	0	0	0	0	0	0	0	0	0	0	0.058	0	0	0	0	0	0	0.002	0	0	0.024	0	0.052	0.008	0	0	0.062	0.672	0.216	0.086	0	0	0	0	0	0	0	0	0	0	0.126	0	0	0	0	0	0	0.05	0.25	0	0	0	0	0.398	0.256	0	0	0	0	0	0	0	0	0	0	0	0	0	0	0	0	0	0.096	0.1	0	0	0	0.162	0	0.084	0.008	0	0	0	0	0	0.27	0	0	0	0	0	0.354	0	0	0	0	0.03	0	0	0	0	0	0	0	0	0	0	0	0	0	0	0	0.112	0	0	0	0.14	0	0	0	0.022	0	0
0.11	0	0	0.08	0	0	0.02	0.594	0.022	0.022	0.28	0	0.082	0	0.11	0	0.5	0.066	0	0	0	0	0	0.024	2	0.096	0.194	0	0	0	0	0.012	0.078	0	0.084	0	0	0.032	0	0	0.066	0.432	0.126	0	0	0	0.054	0	0	0.074	0	0	0	0.762	0.292	0.804	0.032	0	0	0.1	0.042	0	0.03	0.02	0.022	0	0.082	0.026	0.028	0	0	0	0	0	0	0	0	0	0	0	0	0	0	0	0	0	0	0	0	0	0	0	0	0	0	0	0	0	0	0	0	0	0	0	0	0	0	0.326	0.166	0.18	0	0	0.16	0.166	0	0.028	0	0.032	0.086	0	0	0.008	0	0.664	0	0	0	0.024	0	0	0	0	0	0.006	0	0.034	0.01	0	0	0	0	0.064	0	0	0.008	0	0	0	0	0	0	0	0	0	0.002	0	0	0	0.006	0	0.048	0	0.008	0.72	0.014	0.132	0.036	0.054	0	0.052	0	0.064	0.144	0.122	0	0.06	0.018	0.056	0	0	0	0	0	0.072	0	0	0	0	0	0	0	0	0	0	0	0	0	0	0	0	0	0	0.132	0	0	0	0	0	0	0	0	0	0	0	0	0	0	0	0	0	0.274	0	0.128	0.028	0.052	0.112	0	0	0.29	0.088	0.374	0	0.034	0	0.108	0	0.014	0.04	0	0.046	0.288	0	0	0	0.162	0.064	0	0	0	0	0.024	0	0	0	0	0.184	0	0.154	0.234	0.084	0	0.018	0	0	0.118	0.13	0.116	0.084	0.018	0.882	0
0.216	0	0	0.486	0	0.372	0.796	0.004	0	0.064	0.146	0	0.048	0.032	0.88	0.016	0.058	0.184	0	0.324	0	0	0	0.006	0.096	2	0.126	0	0	0.064	0	0.058	0	0.032	0.078	0	0	0.064	0.13	0.034	0.384	0.05	0.06	0.028	0	0	0.422	0.034	0.018	0.524	0.012	0	0.028	0	0.408	0.248	0	0	0.054	0	0.086	0	0	0.004	0.074	0	0.12	0	0	0	0	0	0	0	0	0	0	0	0	0	0	0	0	0	0	0	0	0	0	0	0	0	0	0	0	0	0	0	0	0	0	0	0	0	0	0	0	0.142	0.12	0.004	0.006	0	0.024	0.026	0	0	0	0	0.116	0	0	0.01	0	0	0	0	0.262	0.038	0	0	0	0	0	0	0.024	0	0	0	0	0	0	0	0.098	0.04	0.006	0.05	0	0	0	0	0	0	0.03	0	0	0	0	0.106	0.016	0	0.03	0.022	0	0	0	0.294	0	0.006	0	0	0	0.112	0.32	0.05	0	0.05	0	0	0	0.016	0.014	0	0	0.08	0	0	0	0	0	0	0	0	0	0	0	0	0	0	0	0	0	0	0.034	0	0	0	0	0	0	0	0	0	0	0	0	0	0	0	0	0	0.03	0	0.334	0.012	0.464	0.058	0	0.17	0	0	0.002	0.056	0.364	0	0.502	0	0	0	0	0	0.02	0	0	0.06	0.15	0	0	0	0	0	0	0	0	0	0	0	0	0	0	0.044	0.186	0	0	0	0.17	0	0.01	0.244	0.322	0.034	0.01
0.084	0	0	0.018	0.068	0.138	0	0.136	0.052	0.044	0.116	0	0.108	0	0.118	0	0.098	0.142	0	0.168	0	0	0	0.156	0.194	0.126	2	0.024	0.018	0.05	0	0.098	0.128	0	0.106	0	0	0.096	0.006	0	0	0.23	0.282	0	0	0	0.018	0	0	0.098	0	0	0	0.398	0.224	0.152	0.044	0.026	0	0.136	0.09	0	0.106	0.054	0	0.096	0.212	0.126	0.128	0	0	0	0	0	0	0	0	0	0	0	0	0	0	0	0	0	0	0	0	0	0	0	0	0	0	0	0	0	0	0	0	0	0	0	0	0	0	0.464	0.398	0.23	0	0	0.158	0.09	0	0.046	0	0.02	0.03	0	0.026	0	0	0	0	0	0	0.082	0	0.044	0	0.082	0.108	0.11	0.044	0.146	0.15	0.078	0.066	0.072	0.026	0.144	0.056	0	0.192	0.066	0	0	0	0	0	0	0.028	0	0.056	0	0.048	0.132	0	0	0.042	0	0	0.044	0.022	0.01	0	0	0.008	0	0.016	0.226	0.094	0.234	0	0	0	0.164	0.016	0.07	0	0	0	0	0	0	0	0	0	0	0	0	0	0	0	0.024	0	0	0	0	0	0	0.06	0	0	0	0	0	0	0	0	0	0	0	0	0	0	0	0	0	0.076	0	0.142	0.01	0.094	0.128	0.046	0.076	0	0	0	0.036	0.066	0	0.078	0.036	0	0	0.028	0.172	0.086	0.046	0.076	0.054	0.098	0.004	0	0	0	0	0	0	0	0	0	0	0.074	0	0	0	0.146	0	0	0.054	0	0.038	0.262	0.164	0.096	0.038	0
0	0	0	0	0	0	0	0	0	0	0	0	0	0.294	0	0	0.012	0	0	0	0.51	0.47	0.722	0.362	0	0	0.024	2	2	0	0.004	0.446	0	0.654	0.44	2	0.896	0.026	0	0.292	0.068	0	0	0.364	0.36	2	0.026	0.248	0	0	1.338	0	0	0	0	0	0.162	0.258	0	0	0	0	0	0.068	0	0.152	0.478	0	0	0	0	0	0	0	0	0	0	0	0	0	0	0	0	0	0	0	0	0	0	0	0	0	0	0	0	0	0	0	0	0	0	0	0	0	0	0	0	0	0	0	0	0	0	0	0.238	0	0	0	0	0	0	0	0.228	0	0.226	0.706	0	0	0	0	0	0	0.112	0	0.092	0.022	0	0	0	0	0	0.298	0	0	0	0	0	0	0	0	0	0	0	0.03	0.004	0	0	0	0	0	0	0	0	0	0	0	0	0	0	0	0	0	0	0	2	0.26	0	0	0	0	0	0	0	0	0	0	0	1.802	0	0	0.002	0	0	0	2	2	1.008	0	0	0.89	2	2	0	0	0	0	0	0	0	0	0	0	0	0	0	0	0	0	0	1.712	0	0	0	0	0.04	0.062	0	0	0	0	0	0	0	2	0	0	0	0	0	0.14	0.024	0	0	0.012	0	0	0	0	0	0	0	0	0.084	0	0	0	0	0	0	0	0	0	0	0	0.1	0	0	0	0.058	0	0
0	0	0	0	0	0	0	0	0	0	0	0	0	0.43	0	0	0	0	0	0	0.694	0.684	0.952	0.348	0	0	0.018	2	2	0	0	0.506	0	0.78	0.552	2	1.218	0.01	0	0.246	0.05	0	0	0.484	0.596	2	0	0.208	0	0	1.57	0	0	0	0	0	0.124	0.284	0	0	0	0	0	0.038	0	0.114	0.524	0	0	0	0	0	0	0	0	0	0	0	0	0	0	0	0	0	0	0	0	0	0	0	0	0	0	0	0	0	0	0	0	0	0	0	0	0	0	0	0	0	0	0	0	0	0	0	0.35	0	0	0	0	0	0	0	0.324	0	0.234	0.986	0	0	0	0	0	0	0.156	0	0.024	0	0	0	0	0	0	0.402	0	0	0	0	0	0	0	0	0	0	0	0.044	0	0	0	0	0	0	0	0	0	0	0	0	0	0	0	0	0	0	0	0	2	0.276	0	0	0	0	0	0	0	0	0	0	0	1.864	0	0	0.002	0	0	0	2	2	1.26	0	0	0.978	2	2	0	0	0	0	0	0	0	0	0	0	0	0	0	0	0	0	0	1.828	0	0	0	0	0.042	0.046	0	0	0	0	0	0	0	2	0	0	0	0	0	0.152	0.048	0	0	0	0	0	0	0	0	0	0	0	0.192	0	0	0	0	0	0	0	0	0	0	0	0.126	0	0	0	0.022	0	0
0	0	0	0	0.14	0.142	0	0.168	0.04	0.022	0.014	0.02	0.076	0	0	0	0.014	0.08	0	0.142	0	0	0	0	0	0.064	0.05	0	0	2	0	0	0.13	0	0	0	0	0	0	0	0	0.142	0.038	0	0	0	0.088	0	0.192	0	0	1.62	0.812	0.05	0	0	0.726	0	0.014	0	0	0	0	0	0	0.56	0.014	0.026	0.028	0	0	0	0	0	0	0	0	0	0	0	0	0	0	0	0	0	0	0	0	0	0	0	0	0	0	0	0	0	0	0	0	0	0	0	0	0	0	0.102	0.112	0.082	0	0.142	0.004	0.016	0.258	0	0.014	0	0	0.026	0	0	0	0	0	0	0	0.174	0	0	0	0	0	0	0.098	0.014	0.02	0	0	0.092	0	0	0	0	0	0	0	0	0	0.616	0	0	0	0	0	0.034	0	0	0	0	0.13	2	0	0	0	0.166	0.042	0.104	0.046	0.002	0	0.022	0	0	0	0	0.008	0	0	0.06	0	0.01	0.634	0.386	0.718	0	0.688	0	0	0	0	0	0	0	0	0	0	0	0	0	0	0	0	0	0	0	0.682	0.666	0	0	0	0	0	0	0	0.356	0.328	0.316	0.068	0	0.056	0.142	0.092	0.06	0	0.012	0.118	0.12	0.098	0	0	1.148	0.074	0	0.05	0.02	0	0	0	0.076	0	0	0	0	0	0.03	0	0	0	0	0	0	0	0	0	0	0.286	0.078	0.19	0.174	0	0.304	0.642	0.16	0.01	0	0.152	0.04	0.036	0	0.542
0	0	0	0	0.022	0	0.02	0	0	1.038	0.016	0.034	0	0	0	0	0.02	0	0	0	0	0	0	0	0	0	0	0.004	0	0	2	0	0	0	0	0	0	0.066	0	0	0	0.04	0	0	0	0	0.004	0	0	0	0.016	0	0	0.042	0	0	0.02	0.534	0.018	0.028	0.136	0	0	0	0	0.05	0	0.006	0.006	0	0	0	0.024	0.002	0	0	0	0	0	0	0	0	0	0	0	0	0	0	0.024	0	0	0.012	0.002	0	0	0	0	0	0	0	0	0	0	0	0	0	0	0	0	0	0	0	0	0	0.014	0.002	0	0.094	0	0	0	0.78	0	0.036	0.064	0	0.028	0.02	0.012	0	0	0	0.136	0	0	0.032	0.042	0	0	0	0.056	0.066	0.136	0.084	0	0	0	0	0	0.06	0	0	0.03	0.04	0.016	0.058	0.072	0	0	0	0	0.022	0	0	0.062	0.024	0.082	0.08	0	0.004	0	0	0.078	0.04	0	0	0	0.02	0.06	0.148	0.604	0	0.06	0.116	0.128	0	0.106	0	0	0	0	0	0	0	0	0	0	0	0	0	0	0	0.034	0	0	0	0.084	0	0	0	0	0	0	0	0	0.056	0.058	0.004	0	0	0	0.072	0	0.164	0.182	0	0	0	0	0	0.21	0.012	0.066	0	0.052	0	0.694	0.114	0.002	0	0.182	0.018	0	0.03	0	0	0	0	0	0	0	0	0	0	0	0.016	0	0.082	0	0.04	0	0	0	0.004	0.268	0	0	0.016	0.114	0.06	0
0.1	0	0	0.152	0	0	0	0.458	0	0.046	0.048	0	0	0.416	0.036	0	0.048	0.082	0	0	0.692	0.408	0.676	0.356	0.012	0.058	0.098	0.446	0.506	0	0	2	0.156	0.434	0.65	0.218	0.866	0.172	0.334	0.398	1.532	0.112	0	0.336	0.552	0.576	0.12	0.244	0	0.212	0.64	0	0	0.052	0.06	0	0.4	0.302	0.186	0.024	0	0	0	0.142	0	0.57	0.586	0	0	0	0	0	0	0	0	0	0	0	0	0	0	0	0	0	0	0	0	0	0	0	0	0	0	0	0	0	0	0	0	0	0	0	0	0	0	0	0	0	0.014	0.002	0	0	0.066	0.028	0.186	0	0	0	0	0	0	0	0.418	0	0.042	0.726	0	0.016	0	0	0	0	0.384	0	0.056	0.034	0	0	0	0	0	0.714	0	0	0	0	0	0	0	0	0	0	0	0	0.112	0	0	0.012	0	0	0	0	0	0	0	0.062	0	0.098	0	0	0	0	0.056	0.064	0.526	0.638	0	0	0	0	0	0.202	0	0.02	0	0	0	0.224	0	0	0	0	0	0	0.572	0.746	0.302	0	0	0.316	0.65	0.678	0	0	0	0	0	0	0	0	0	0	0	0	0	0	0	0	0	0.48	0	0	0	0.03	0.092	0.182	0	0	0.078	0.1	0	0.002	0	0.54	0.24	0	0	0	0	0.24	0.116	0	0	0	0	0	0	0	0	0	0.054	0	0.14	0	0	0	0	0	0	0	0	0	0	0	0.002	0	0.022	0.024	0	0.056	0
0.078	0	0	0.046	0.142	0.04	0	0.274	0.08	0.086	0.046	0.032	0.14	0.018	0.044	0.008	0.078	0	0	0.064	0.138	0.076	0.114	0.104	0.078	0	0.128	0	0	0.13	0	0.156	2	0.086	0.24	0	0.138	0.018	0.106	0.404	0.066	0.158	0	0	0.12	0	0	0.37	0.054	0.22	0	0.184	0.078	0.138	0	0.146	0.184	0.018	0.02	0.078	0.086	0.042	0	0.02	0	0.182	0.124	0	0	0	0	0	0	0	0	0	0	0	0	0	0	0	0	0	0	0	0	0	0	0	0	0	0	0	0	0	0	0	0	0	0	0	0	0	0	0	0	0.01	0.118	0.132	0.042	0	0.778	0.896	0	0.036	0.116	0	0	0.12	0	0	0.078	0.206	0.322	0.082	0	0.086	0	0.122	0	0	0.214	0	0.004	0	0.176	0.15	0.14	0.044	0	0.2	0.036	0	0	0.058	0	0	0	0	0	0	0.014	0	0	0.116	0	0.194	0	0	0.004	0.154	0	0.138	0	0.056	0.196	0.136	0.118	0.022	0	0	0	0.038	0	0	0	0	0.01	0.084	0	0.27	0.1	0	0	0	0.098	0.088	0	0	0	0	0	0	0	0	0.336	0	0	0.184	0	0	0	0	0	0	0.11	0.146	0	0	0	0	0	0	0	0	0.048	0.006	0	0.016	0.182	0	0.234	0	0	0.388	0.05	0.048	0	0.462	0.108	0.086	0.144	0	0.052	0.076	0	0	0	0.784	0.176	0	0.016	0	0.012	0.02	0	0	0	0	0	0	0	0	0	0.026	0.018	0.26	0.21	0	0.074	0.024	0	0.17	0.34	0.048	0	0.048	0.024	0.3	0.04
0	0	0	0	0	0	0	0.05	0	0.042	0	0	0	0.342	0.008	0	0	0	0	0	0.318	0.34	0.434	0.33	0	0.032	0	0.654	0.78	0	0	0.434	0.086	2	0.348	0.64	0.536	0.042	0.086	0.208	0.116	0.082	0	0.28	0.372	0.854	0.034	0.118	0	0.086	0.598	0	0	0	0.028	0.006	0.07	0.112	0.022	0	0	0	0	0	0	0.054	0.23	0	0	0	0	0	0	0	0	0	0	0	0	0	0	0	0	0	0	0	0	0	0	0	0	0	0	0	0	0	0	0	0	0	0	0	0	0	0	0	0	0	0	0	0	0	0	0	0.172	0	0	0	0	0	0	0	0.214	0	0.098	0.484	0	0	0.014	0	0	0	0.15	0	0.01	0	0	0	0	0	0	0.202	0	0	0	0	0	0	0	0	0	0	0	0.01	0	0	0	0.054	0	0	0	0	0	0	0	0.052	0	0	0.006	0	0	0	0	0	0.65	0.206	0	0	0	0	0	0.016	0	0	0	0	0	0.478	0	0	0.002	0	0	0	0.52	0.692	0.36	0	0	0.306	0.906	0.702	0	0	0	0	0	0	0	0	0	0	0	0	0	0	0	0	0	0.454	0	0	0	0.008	0.014	0.044	0	0	0.062	0	0	0.036	0	0.766	0.102	0	0	0	0	0.048	0.04	0	0	0	0	0	0	0	0	0	0	0	0	0	0	0	0	0.018	0	0	0.012	0	0	0.008	0.118	0	0	0	0	0.038	0
0.004	0	0	0.122	0.128	0	0	0.11	0	0.132	0.188	0	0	0.154	0.194	0	0.122	0.068	0	0	0.212	0.16	0.144	0.104	0.084	0.078	0.106	0.44	0.552	0	0	0.65	0.24	0.348	2	0.574	0.292	0.236	0.344	0.504	0.364	0.05	0.048	0.128	0.226	0.586	0	0.324	0	0.068	0.506	0	0	0.136	0.022	0.052	0.22	0.142	0.192	0	0.124	0	0	0	0	0.148	0.146	0	0	0	0	0	0	0	0	0	0	0	0	0	0	0	0	0	0	0	0	0	0	0	0	0	0	0	0	0	0	0	0	0	0	0	0	0	0	0	0	0	0.034	0.096	0	0	0.194	0.18	0	0.02	0	0.006	0	0	0	0	0.096	0	0.228	0.212	0	0.014	0	0	0.008	0	0.198	0	0.03	0	0	0	0	0	0	0.282	0.036	0	0	0.04	0	0	0	0	0	0	0	0	0.062	0	0	0	0	0	0	0	0	0	0	0.138	0.086	0	0	0	0	0.068	0	0.17	0.43	0.404	0	0	0	0.094	0	0.112	0	0	0	0	0	0.466	0	0	0	0	0	0	0.588	0.552	0.352	0	0	0.384	0.64	0.524	0	0	0	0	0	0	0	0	0	0	0	0	0	0	0	0	0	0.508	0	0	0	0	0.132	0.66	0	0	0.008	0	0	0	0	0.522	0.25	0	0	0	0	0.234	0.106	0	0	0.08	0	0	0	0	0	0	0.024	0	0.076	0	0	0	0	0	0	0	0	0	0	0	0.152	0	0.044	0	0	0.07	0
0	0	0	0.05	0	0	0	0	0	0.028	0	0	0	0.57	0.062	0	0	0	0	0	0.684	0.65	0.656	0.244	0	0	0	2	2	0	0	0.218	0	0.64	0.574	2	0.94	0	0	0.3	0	0	0	0.402	0.762	2	0	0.3	0	0.206	1.186	0	0	0.008	0	0	0.35	0.146	0	0	0	0	0	0	0	0.288	0.386	0	0	0	0	0	0	0	0	0	0	0	0	0	0	0	0	0	0	0	0	0	0	0	0	0	0	0	0	0	0	0	0	0	0	0	0	0	0	0	0	0	0.07	0	0	0	0	0	0.378	0	0	0	0	0	0	0	0.338	0	0.292	0.89	0	0	0	0	0	0	0.16	0	0.108	0	0	0	0	0	0	0.164	0	0	0	0	0	0	0	0	0	0	0	0.088	0	0	0	0	0	0	0	0	0	0	0	0.042	0	0	0.016	0	0	0	0	0	2	0.568	0	0	0	0	0	0	0	0	0	0	0	1.862	0	0	0.002	0	0	0	1.876	2	1.272	0	0	0.986	2	2	0	0	0	0	0	0	0	0	0	0	0	0	0	0	0	0	0	1.58	0	0	0	0	0.1	0.028	0	0	0	0	0	0	0	2	0.026	0	0	0	0	0.082	0.092	0	0	0	0	0	0	0	0	0	0	0	0.296	0	0	0	0	0	0	0	0	0	0	0	0.168	0	0	0	0	0	0
0	0	0	0	0	0	0.026	0	0	0	0	0	0	1.884	0	0	0	0	0	0	2	2	2	1.626	0	0	0	0.896	1.218	0	0	0.866	0.138	0.536	0.292	0.94	2	0.02	0	0.186	0.51	0	0	2	2	1.322	0.116	0.016	0	0.478	1.064	0	0	0	0.006	0	0	0.31	0	0	0.058	0	0	0.028	0	0	2	0	0	0	0	0	0	0	0	0	0	0	0	0	0	0	0	0	0	0	0	0	0	0	0	0	0	0	0	0	0	0	0	0	0	0	0	0	0	0	0	0	0	0	0	0	0	0	1.51	0	0	0	0	0	0	0	1.846	0	0.198	2	0	0	0.518	0	0	0	0.254	0	0	0.064	0	0	0	0	0	0.366	0	0	0	0	0	0	0	0	0	0	0.038	0	0	0	0	0.068	0	0	0	0	0	0	0	0.026	0.064	0	0.116	0	0	0	0	0	1.788	0.384	0	0	0	0	0	0	0	0	0	0	0	0.16	0	0	0	0	0	0	0.464	1.062	0.184	0	0	0	1.376	0.914	0	0	0	0	0	0	0	0	0	0	0	0	0	0	0	0	0	0.528	0	0	0	0	0.3	0	0	0	0	0	0	0	0	1.104	0	0	0	0	0	0.256	0.014	0	0	0.166	0	0	0	0	0	0	0	0	0	0	0	0	0	0	0	0	0	0	0	0	0.194	0	0	0	0	0	0
0.156	0	0	0.182	0.072	0	0.296	0.1	0	0.386	0.122	0.032	0	0	0.186	0	0.092	1.118	0	0	0.082	0.04	0	0	0.032	0.064	0.096	0.026	0.01	0	0.066	0.172	0.018	0.042	0.236	0	0.02	2	0.38	0.23	0.244	0.284	0.09	0.056	0.018	0	0.164	0.064	0.004	0	0.234	0	0	0.034	0.168	0.064	0.18	0.124	0.192	0.032	0.06	0	0	0.038	0.018	0.24	0.044	0	0	0	0	0	0	0	0	0	0	0	0	0	0	0	0	0	0	0	0	0	0	0	0	0	0	0	0	0	0	0	0	0	0	0	0	0	0	0	0	0.16	0	0.038	0	0	0	0	0.074	0	0	0	0.012	0.026	0	0.08	0	0.044	0.034	0	0	0.138	0.07	0	0	0	0.218	0	0.034	0.312	0	0	0	0.078	0.104	0.098	0	0.172	0.07	0	0	0	0	0	0	0	0	0	0.086	0.016	0	0.14	0	0	0.002	0	0	0.012	0.048	0.112	0.098	0.106	0.014	0.032	0	0.084	0.048	0.148	0	0.16	0.06	0	0.04	0.002	0.06	0.076	0	0.078	0	0	0	0.092	0	0	0	0	0	0	0.23	0.184	0.168	0	0	0.246	0.042	0.056	0.036	0	0	0	0	0	0	0	0	0	0	0	0	0	0	0	0	0.062	0	0	0	0.118	0.25	0.306	0.156	0	0	0	0.058	0.064	0.092	0	0.176	0	0.092	0	0	0	0.116	0	0	0.178	0.084	0.062	0	0	0	0	0	0	0	0	0	0	0.084	0	0.01	0.19	0	0.02	0	0	0.104	0	0.082	0.09	0.136	0.032	0
0.162	0	0	0.152	0.044	0	0.096	0.342	0.024	0.134	0.206	0	0	0	0.148	0	0.142	0.186	0	0	0	0	0	0.018	0	0.13	0.006	0	0	0	0	0.334	0.106	0.086	0.344	0	0	0.38	2	0.046	0.162	0.238	0.026	0	0	0	0.14	0.066	0	0.074	0.038	0	0	0.01	0.086	0.084	0.202	0.082	2	0.078	0	0	0	0.104	0	0.236	0	0	0	0	0	0	0	0	0	0	0	0	0	0	0	0	0	0	0	0	0	0	0	0	0	0	0	0	0	0	0	0	0	0	0	0	0	0	0	0	0	0	0.086	0.042	0	0	0.078	0.088	0	0.022	0	0	0.042	0	0	0	0	0.122	0	0	0	0	0	0	0	0.038	0.2	0	0.072	0	0	0	0	0	0	0.244	0.066	0.112	0	0.024	0	0	0	0.052	0	0	0.068	0.094	0.138	0	0	0.06	0	0	0	0.05	0	0.024	0.072	0.268	0	0	0	0	0	0.126	0.12	0.09	0	0.044	0	0	0.112	0.146	0	0.07	0	0.088	0	0	0	0.004	0	0	0	0	0	0	0.01	0.016	0	0	0.01	0.032	0	0	0	0	0	0	0	0	0	0	0	0	0	0	0	0	0	0	0	0.098	0	0	0	0.028	0.046	0.468	0	0	0.21	0	0.052	0	0	0	0.614	0	0	0	0	0	0.168	0	0	0	0.018	0	0.048	0	0	0	0	0	0	0	0	0	0.018	0.04	0.006	0.418	0	0	0.028	0.234	0	0	0.082	0.064	0.048	0.324	0.054
0	0	0	0.146	0.044	0.084	0.066	0.108	0.02	0.176	0	0.032	0	0.042	0.16	0	0.016	0	0	0.118	0.212	0.184	0.106	0.056	0	0.034	0	0.292	0.246	0	0	0.398	0.404	0.208	0.504	0.3	0.186	0.23	0.046	2	0.162	0.204	0	0.138	0.164	0.296	0	2	0	0.072	0.454	0	0	0	0	0	0	0.19	0.008	0	0.274	0	0	0	0	0.12	0.138	0	0	0	0	0	0	0	0	0	0	0	0	0	0	0	0	0	0	0	0	0	0	0	0	0	0	0	0	0	0	0	0	0	0	0	0	0	0	0	0	0	0	0.024	0	0	0	0	0.326	0	0.02	0	0	0	0	0	0.096	0	2	0.178	0.164	0.072	0	0	0	0	0.072	0	0	0	0	0	0	0.044	0	0.098	0	0.144	0	0	0	0	0	0	0	0	0	0	0	0	0	0.092	0	0	0	0	0	0	0.026	0.106	0.394	0.194	0.14	0	0	0	0	0	0.066	0.298	0	0	0	0	0	2	0	0	0	0	0	1.586	0	0	0	0	0	0	0.998	0.796	1.618	0	0	1.79	0.506	0.6	0	0	0	0	0	0	0	0	0	0	0	0	0	0	0	0	0	1.194	0.086	0.22	0.152	0.02	0.098	0.11	0.116	0.07	0	0	0.26	0.054	0.1	0.272	0.108	0	0.024	0	0	0.636	0.078	0	0	0.314	0	0	0	0	0	0	0	0	0	0	0	0	0	0	0	0.042	0.164	0	0	0	0.208	0.08	0	0	0.092	0	0
0.298	0	0	0.248	0	0.08	1.442	0.124	0	0.072	0.192	0	0.03	0.324	0.556	0.032	0.048	0.222	0	0.018	0.302	0.338	0.354	0.356	0.066	0.384	0	0.068	0.05	0	0	1.532	0.066	0.116	0.364	0	0.51	0.244	0.162	0.162	2	0.034	0.022	0.348	0.418	0.076	0.502	0.008	0.022	0.114	0.186	0	0	0.044	0.012	0.148	0.19	0.03	0.054	0	0.034	0	0	0.038	0.152	0.192	0.318	0	0	0	0	0	0	0	0	0	0	0	0	0	0	0	0	0	0	0	0	0	0	0	0	0	0	0	0	0	0	0	0	0	0	0	0	0	0	0	0.034	0.052	0.058	0.068	0	0.07	0.07	0	0.158	0	0	0	0.008	0	0	0	0.16	0	0	0.368	0	0.044	0	0	0	0	0.16	0	0	0.03	0	0	0	0	0.024	0.21	0	0.136	0	0.03	0	0	0	0	0	0	0.004	0	0.054	0	0	0.118	0	0	0	0.014	0	0	0	0.2	0	0	0	0	0	0.01	0.2	0.036	0.186	0.322	0	0	0	0	0	0	0	0.174	0	0	0.004	0.014	0	0	0	0	0	0	0.146	0.274	0	0	0	0.058	0.156	0.24	0	0	0	0	0	0	0	0	0	0	0	0	0	0	0	0	0	0.112	0	0.066	0.014	0	0.112	0.268	0	0.01	0	0	0.022	0.042	0.504	0.048	0.442	0	0	0	0	0.152	0.04	0	0	0	0	0	0	0	0	0	0	0	0	0	0	0	0	0	0	0	0.098	0	0	0	0.148	0	0.018	0.258	0.82	0	0.006
0	0	0	0.138	0.116	0.048	0.234	0.674	0.114	0.74	0.192	0	0	0	0.1	0	0.378	0.044	0	0.066	0	0	0	0	0.432	0.05	0.23	0	0	0.142	0.04	0.112	0.158	0.082	0.05	0	0	0.284	0.238	0.204	0.034	2	0.052	0	0	0	0.074	0.154	0.032	0.122	0	0	0.006	0.008	0.08	0.296	0.394	0	0.154	0.068	0.03	0	0	0	0	0.504	0	0.006	0.008	0	0	0	0	0	0	0	0	0	0	0	0	0	0	0	0	0	0	0	0	0	0	0	0	0	0	0	0	0	0	0	0	0	0	0	0	0	0.012	0.044	0.08	0.146	0	0.026	0.014	0.008	0	0.002	0	0	0	0	0	0	0	0.508	0.002	0	0.076	0.132	0	0.056	0	0	0	0	0	0	0.122	0.05	0.04	0	0	0.048	0.014	0.104	0.03	0	0	0	0	0	0	0	0	0.018	0.03	0	0	0.094	0	0	0.096	0.176	0	0.494	0	0.142	0.134	0.392	0.108	0	0	0	0.1	0.068	0	0.094	0.02	0	0.02	0.004	0	0.146	0	0.028	0	0	0	0.064	0	0	0	0	0	0	0.072	0.084	0.094	0	0	0.194	0	0.004	0.036	0	0	0	0	0	0	0	0	0	0	0	0	0	0	0	0	0.028	0.092	0	0.114	0.072	0.134	0.254	0	0	0.33	0	0.562	0.114	0.2	0	0.242	0.028	0.06	0	0	0	0.202	0	0	0	0.022	0	0	0	0	0	0	0	0	0	0	0	0	0.186	0.174	0.27	0	0	0	0.052	0.2	0.01	0	0.086	0.102	0.676	0
0.1	0.04	0	0.004	0.086	0	0.066	0.05	0.082	0	0.128	0.006	0.048	0	0.026	0.048	0.076	0.126	0	0.002	0	0	0	0.042	0.126	0.06	0.282	0	0	0.038	0	0	0	0	0.048	0	0	0.09	0.026	0	0.022	0.052	2	0	0	0	0.022	0	0	0.088	0	0	0	0.182	0.108	0.16	0.05	0	0	0.452	0.044	0.056	0.058	0.06	0.028	0.024	0.044	0.116	0.12	0	0.008	0	0	0	0	0	0	0.002	0	0	0	0	0	0	0	0	0	0	0	0	0	0	0	0	0	0	0	0	0	0	0	0	0	0	0	0	0	0.294	0.136	0.018	0	0.092	0.084	0.028	0	0.002	0	0	0.044	0	0.066	0.022	0	0.02	0	0	0	0.166	0	0	0.022	0.05	0.04	0	0.078	0.03	0.002	0	0	0	0.056	0.018	0.098	0.008	0.178	0.126	0.032	0	0	0	0	0	0.12	0	0	0.008	0.07	0.05	0.042	0.052	0.09	0.006	0	0.014	0.114	0.032	0	0.01	0	0.124	0.1	0.204	0.118	0.11	0	0.016	0.126	0.104	0.012	0.062	0	0	0	0	0	0.026	0	0	0	0	0	0	0	0	0	0	0	0.07	0.036	0	0	0	0.134	0	0	0	0	0	0	0	0	0	0	0	0	0	0	0	0	0	0	0	0	0.082	0.032	0.03	0.002	0	0	0	0	0	0.004	0	0.022	0	0	0.056	0.058	0.12	0.038	0.108	0	0.08	0.182	0.142	0	0	0	0.012	0	0	0	0	0	0	0.056	0.028	0.054	0.05	0.03	0.114	0.058	0	0	0.054	0.24	0.086	0.132	0.056	0
0	0	0	0	0	0	0.076	0	0	0	0	0	0	1.616	0.034	0	0	0	0	0	1.818	1.966	1.692	1.392	0	0.028	0	0.364	0.484	0	0	0.336	0	0.28	0.128	0.402	2	0.056	0	0.138	0.348	0	0	2	2	0.51	0.262	0.002	0	0.186	0.606	0	0	0	0	0	0	0.064	0	0	0.058	0	0	0	0	0	1.216	0	0	0	0	0	0	0	0	0	0	0	0	0	0	0	0	0	0	0	0	0	0	0	0	0.052	0	0	0	0	0	0	0	0	0	0	0	0	0	0	0	0	0	0	0	0	0	0	1.286	0	0	0.014	0	0	0	0	1.318	0	0.086	1.976	0	0	0.774	0	0	0	0.058	0	0	0	0	0	0	0	0	0.012	0	0	0	0	0	0	0	0	0	0	0	0	0	0	0	0	0	0	0	0	0	0	0	0	0.078	0	0.022	0	0	0	0	0	0.912	0.32	0	0	0	0	0	0	0	0	0	0	0	0.13	0	0	0	0	0	0	0.134	0.438	0.03	0	0	0	0.564	0.294	0	0	0	0	0	0	0	0	0	0	0	0	0	0	0	0	0	0.146	0	0	0	0	0.15	0	0	0	0	0	0	0	0.002	0.38	0	0	0	0	0	0.114	0	0	0	0.136	0	0	0	0	0	0	0	0	0	0	0	0	0	0	0	0	0	0	0	0	0.104	0	0	0	0	0	0
0	0	0	0	0	0	0.012	0	0	0	0	0	0	2	0	0	0	0	0	0	2	2	2	1.382	0	0	0	0.36	0.596	0	0	0.552	0.12	0.372	0.226	0.762	2	0.018	0	0.164	0.418	0	0	2	2	0.69	0.03	0	0	0.38	0.764	0	0	0.008	0	0	0	0.06	0	0	0.028	0	0	0	0	0	1.548	0	0	0	0	0	0	0	0	0	0	0	0	0	0	0	0	0	0	0	0	0	0	0	0	0.022	0	0	0	0	0	0	0	0	0	0	0	0	0	0	0.002	0	0	0	0	0	0	0	2	0	0	0	0	0	0	0	1.542	0	0.156	2	0	0	0.746	0	0	0	0.242	0	0	0.024	0	0	0	0	0	0.058	0	0	0	0	0	0	0	0	0	0	0	0	0	0.008	0	0.078	0	0	0	0	0	0	0	0	0.074	0	0.082	0.016	0	0	0	0	1	0.318	0	0	0	0	0	0	0	0	0	0	0	0.16	0	0	0	0	0	0	0.132	0.462	0.098	0	0	0	0.744	0.376	0	0	0	0	0	0	0	0	0	0	0	0	0	0	0	0	0	0.202	0	0	0	0	0.15	0	0	0	0	0	0	0	0	0.522	0	0	0	0	0	0.23	0.016	0	0	0.07	0	0	0	0	0	0	0	0	0	0	0	0	0	0	0	0	0	0	0	0	0.168	0	0	0	0	0	0
