0.000010 0.999980 0.000010
0.999980 0.000010 0.000010
0.670271 0.232328 0.097401
0.000010 0.999980 0.000010
0.003762 0.000010 0.996228
0.000010 0.999980 0.000010
0.000010 0.999980 0.000010
0.999980 0.000010 0.000010
0.000010 0.000010 0.999980
0.000010 0.000010 0.999980
0.000010 0.999980 0.000010
0.702225 0.225791 0.071984
0.000010 0.000010 0.999980
0.000010 0.999980 0.000010
0.000010 0.639061 0.360929
0.000010 0.000010 0.999980
0.000010 0.999980 0.000010
0.999973 0.000017 0.000010
0.000010 0.000010 0.999980
0.000010 0.999980 0.000010
0.004176 0.000010 0.995814
0.000010 0.999980 0.000010
0.000010 0.000010 0.999980
0.332017 0.648151 0.019832
0.284646 0.271167 0.444187
0.291831 0.252551 0.455619
0.046629 0.801018 0.152353
0.117226 0.882764 0.000010
0.000010 0.999980 0.000010
0.005726 0.994264 0.000010
0.008571 0.005417 0.986011
0.284567 0.260912 0.454521
0.278489 0.253657 0.467854
0.293364 0.274996 0.431640
0.020192 0.979798 0.000010
0.721223 0.223284 0.055493
0.070422 0.929568 0.000010
0.717888 0.230350 0.051761
0.063371 0.030082 0.906547
0.012948 0.987042 0.000010
0.391928 0.451740 0.156332
0.068374 0.005292 0.926333
0.052986 0.066038 0.880976
0.066614 0.049882 0.883504
0.000010 0.000010 0.999980
0.000010 0.000010 0.999980
0.000010 0.000010 0.999980
0.000010 0.000010 0.999980
0.000010 0.000010 0.999980
0.000010 0.000010 0.999980
0.999980 0.000010 0.000010
0.000010 0.000010 0.999980
0.999980 0.000010 0.000010
0.999980 0.000010 0.000010
0.000010 0.009322 0.990668
0.000010 0.000010 0.999980
0.990043 0.000010 0.009947
0.000010 0.000010 0.999980
0.999980 0.000010 0.000010
0.000010 0.000010 0.999980
0.000010 0.000010 0.999980
0.000010 0.000010 0.999980
0.999980 0.000010 0.000010
0.000010 0.000010 0.999980
0.000015 0.999975 0.000010
0.000010 0.000010 0.999980
0.999980 0.000010 0.000010
0.999980 0.000010 0.000010
0.618346 0.284542 0.097113
0.001250 0.998740 0.000010
0.999980 0.000010 0.000010
0.000010 0.000010 0.999980
0.000010 0.000010 0.999980
0.008747 0.000010 0.991243
0.000010 0.000010 0.999980
0.999980 0.000010 0.000010
0.000010 0.000010 0.999980
0.000010 0.000010 0.999980
0.999980 0.000010 0.000010
0.001860 0.990013 0.008127
0.000011 0.000010 0.999979
0.999980 0.000010 0.000010
0.999980 0.000010 0.000010
0.000010 0.000010 0.999980
0.999980 0.000010 0.000010
0.000010 0.000010 0.999980
0.006564 0.000010 0.993426
0.000010 0.000010 0.999980
0.991036 0.000010 0.008954
0.999980 0.000010 0.000010
0.999980 0.000010 0.000010
0.000010 0.003597 0.996393
0.000010 0.000010 0.999980
0.990117 0.000010 0.009873
0.000010 0.000010 0.999980
0.000010 0.000010 0.999980
0.000010 0.999980 0.000010
0.000010 0.000010 0.999980
0.000010 0.000010 0.999980
0.000010 0.000010 0.999980
0.000010 0.000010 0.999980
0.000010 0.000010 0.999980
0.999980 0.000010 0.000010
0.999980 0.000010 0.000010
0.000010 0.000010 0.999980
0.000010 0.000010 0.999980
0.999980 0.000010 0.000010
0.999980 0.000010 0.000010
0.000010 0.000010 0.999980
0.000010 0.999980 0.000010
0.000010 0.000010 0.999980
0.000010 0.000010 0.999980
0.000010 0.000010 0.999980
0.470438 0.097262 0.432300
0.000010 0.000071 0.999919
0.000010 0.000010 0.999980
0.005889 0.000114 0.993997
0.944948 0.049433 0.005619
0.999980 0.000010 0.000010
0.000010 0.006685 0.993305
0.004455 0.006415 0.989129
0.999980 0.000010 0.000010
0.000010 0.999980 0.000010
0.999980 0.000010 0.000010
0.371586 0.124459 0.503956
0.000010 0.247727 0.752263
0.010683 0.000010 0.989307
0.003682 0.000010 0.996308
0.005894 0.001036 0.993070
0.999980 0.000010 0.000010
0.000010 0.999980 0.000010
0.000010 0.000010 0.999980
0.006695 0.000010 0.993295
0.999980 0.000010 0.000010
0.010899 0.000010 0.989091
0.000010 0.005072 0.994918
0.003225 0.005578 0.991197
0.000010 0.168843 0.831147
0.008043 0.000010 0.991947
0.004519 0.000010 0.995471
0.015135 0.000010 0.984855
0.017512 0.000010 0.982478
0.000010 0.999980 0.000010
0.006431 0.004774 0.988795
0.001136 0.001530 0.997334
0.003860 0.000010 0.996130
0.999980 0.000010 0.000010
0.000010 0.000010 0.999980
0.000010 0.999980 0.000010
0.000010 0.000010 0.999980
0.000010 0.999980 0.000010
0.999980 0.000010 0.000010
0.999980 0.000010 0.000010
0.999980 0.000010 0.000010
0.999980 0.000010 0.000010
0.000010 0.000010 0.999980
0.999980 0.000010 0.000010
0.999980 0.000010 0.000010
0.000018 0.999972 0.000010
0.999980 0.000010 0.000010
0.999980 0.000010 0.000010
0.632791 0.207835 0.159374
0.000010 0.999980 0.000010
0.999980 0.000010 0.000010
0.000010 0.999980 0.000010
0.999980 0.000010 0.000010
0.000010 0.000010 0.999980
0.999980 0.000010 0.000010
0.999980 0.000010 0.000010
0.000010 0.999980 0.000010
0.000016 0.000010 0.999974
0.009680 0.005675 0.984645
0.999980 0.000010 0.000010
0.999980 0.000010 0.000010
0.999980 0.000010 0.000010
0.000010 0.000010 0.999980
0.627628 0.211056 0.161317
0.000010 0.999980 0.000010
0.999980 0.000010 0.000010
0.999980 0.000010 0.000010
0.000010 0.999980 0.000010
0.999980 0.000010 0.000010
0.000010 0.006552 0.993438
0.000010 0.999980 0.000010
0.999980 0.000010 0.000010
0.011636 0.011749 0.976616
0.999980 0.000010 0.000010
0.008867 0.002112 0.989021
0.989723 0.003583 0.006694
0.051771 0.931940 0.016289
0.999980 0.000010 0.000010
0.000010 0.000010 0.999980
0.000010 0.000010 0.999980
0.999980 0.000010 0.000010
0.000010 0.000010 0.999980
0.999979 0.000011 0.000010
0.000010 0.999980 0.000010
0.000010 0.000010 0.999980
0.999980 0.000010 0.000010
0.999980 0.000010 0.000010
0.000015 0.000010 0.999975
0.000014 0.000010 0.999976
0.000010 0.722355 0.277635
0.000010 0.999980 0.000010
0.000010 0.999980 0.000010
0.000010 0.999980 0.000010
0.000010 0.000010 0.999980
0.000010 0.999980 0.000010
0.000010 0.999980 0.000010
0.999980 0.000010 0.000010
0.999980 0.000010 0.000010
0.000010 0.999980 0.000010
0.000010 0.999980 0.000010
0.000010 0.000010 0.999980
0.000010 0.000010 0.999980
0.000010 0.999980 0.000010
0.000010 0.000010 0.999980
0.000010 0.999980 0.000010
0.000010 0.000010 0.999980
0.000010 0.000010 0.999980
0.003861 0.000010 0.996129
0.000010 0.000010 0.999980
0.005310 0.000010 0.994680
0.000010 0.000010 0.999980
0.000010 0.000010 0.999980
0.000010 0.999980 0.000010
0.984136 0.000010 0.015854
0.000010 0.000010 0.999980
0.999980 0.000010 0.000010
0.999980 0.000010 0.000010
0.000015 0.000010 0.999975
0.000010 0.999980 0.000010
0.999980 0.000010 0.000010
0.000010 0.999980 0.000010
0.999980 0.000010 0.000010
0.000010 0.999980 0.000010
0.999980 0.000010 0.000010
0.999980 0.000010 0.000010
0.999980 0.000010 0.000010
0.999980 0.000010 0.000010
0.306080 0.693910 0.000010
0.000010 0.999980 0.000010
0.000010 0.000010 0.999980
0.999979 0.000011 0.000010
0.000010 0.000010 0.999980
0.070481 0.018318 0.911201
0.170941 0.000010 0.829049
0.000010 0.999980 0.000010
0.000010 0.000010 0.999980
0.000010 0.000010 0.999980
0.999980 0.000010 0.000010
0.000010 0.000010 0.999980
0.000012 0.000010 0.999978
0.000010 0.000010 0.999980
0.000010 0.000010 0.999980
0.999980 0.000010 0.000010
0.123715 0.000010 0.876275
0.000010 0.000010 0.999980
0.000010 0.000010 0.999980
0.999980 0.000010 0.000010
0.000020 0.000010 0.999970
0.000016 0.000010 0.999974
0.999980 0.000010 0.000010
0.000010 0.000010 0.999980
0.000010 0.000010 0.999980
0.000010 0.000010 0.999980
0.000010 0.999980 0.000010
0.000010 0.000010 0.999980
0.999980 0.000010 0.000010
0.999980 0.000010 0.000010
0.000010 0.000010 0.999980
0.891346 0.108644 0.000010
0.000010 0.999980 0.000010
0.000010 0.000010 0.999980
0.999980 0.000010 0.000010
0.001631 0.000010 0.998359
0.000010 0.000010 0.999980
0.000010 0.000010 0.999980
0.999980 0.000010 0.000010
0.999980 0.000010 0.000010
0.999980 0.000010 0.000010
0.000010 0.000010 0.999980
0.000010 0.000010 0.999980
0.000010 0.999980 0.000010
0.000018 0.000010 0.999972
0.000010 0.000010 0.999980
0.999980 0.000010 0.000010
0.000010 0.000010 0.999980
0.000010 0.000010 0.999980
0.000010 0.000010 0.999980
0.000010 0.000010 0.999980
0.999980 0.000010 0.000010
0.000010 0.000010 0.999980
0.000010 0.000010 0.999980
0.999979 0.000011 0.000010
0.000010 0.999980 0.000010
0.000010 0.999980 0.000010
0.000017 0.000010 0.999973
0.999980 0.000010 0.000010
0.527374 0.327415 0.145211
0.999980 0.000010 0.000010
0.999980 0.000010 0.000010
0.999980 0.000010 0.000010
0.000010 0.000010 0.999980
0.000010 0.000010 0.999980
0.000010 0.000010 0.999980
0.000010 0.000010 0.999980
0.999980 0.000010 0.000010
0.000010 0.000010 0.999980
0.000010 0.000010 0.999980
0.000010 0.000010 0.999980
0.029476 0.970514 0.000010
0.069003 0.061965 0.869031
0.999980 0.000010 0.000010
